19
960 111
49114 44261 4772 10246 51876 7544 17016 76539 94952 78074 30117 74361 25961 107 66862 63779 31336 5475 42225 39628 59943 26599 48316 42917 38070 11448 19431 43639 87445 62456 54891 2488 87712 51196 59687 12061 50052 66161 63356 12818 28768 31978 59494 84810 48563 46174 52327 59873 94999 77346 53154 35120 23922 72223 2051 44935 54522 71564 53485 265 62564 64418 50403 94718 59962 50486 89679 946 83591 54465 46962 29567 10869 21090 51861 9966 10637 88364 17116 74055 71219 33843 32705 87227 48693 60256 39021 31496 12806 9546 54143 54444 5725 5471 99784 84873 52636 96093 97687 99308 15855 79676 3101 65075 8638 84320 25355 9421 97240 78036 52283
127 166
12558 31014 2689 23789 70028 77496 64358 22150 91765 79279 59523 68481 64294 94962 46453 22991 37644 39882 8588 68877 74849 66788 23978 91455 57398 35244 24278 15760 59081 26769 55391 4153 87635 96219 92028 2696 44471 78001 84053 67429 88266 72165 46627 84728 526 37605 16266 89084 59896 19709 18976 61415 43812 20701 87987 2286 32286 17651 12104 88751 19490 48953 43933 86775 5569 25641 30136 74049 57721 57174 95687 77426 35806 36695 65688 39690 15040 30355 32205 67221 88430 26328 13681 23855 84019 99219 87820 83532 46709 43662 48383 19691 9075 87014 93210 51460 4890 29470 87753 50538 28323 57417 54155 26343 9102 3290 35595 24177 18423 77077 55854 59389 32030 42336 52968 97215 90044 73486 32521 30591 14794 97415 56487 87293 4516 78249 301 54498 70611 43835 24364 28931 29480 45034 17246 63291 5963 28015 81732 15975 53453 61459 51446 70799 36412 86514 23775 38766 17350 91854 46697 80727 55052 58438 9588 98764 86515 44837 810 36983 58952 54581 39232 94682 644 63962
345 98
10102 33481 19434 71301 38678 698 41904 58235 46239 967 71140 880 5633 82196 70269 9844 89511 47976 58714 49783 91040 2793 18924 22031 54833 47044 70045 51657 13096 32967 54759 90733 89275 48445 16279 49726 83797 58569 46918 54618 14136 69386 57587 67453 48436 35146 52092 62120 27876 2813 46541 60681 62251 81026 86962 25649 38844 11569 94392 9072 8460 71580 53331 25490 25046 14529 35454 57555 85130 75269 13273 44631 4985 32687 59800 32086 53952 31543 79204 63367 18836 70007 34081 3643 12122 79533 11155 43678 67835 46830 77433 60044 40688 93506 53371 27194 909 18780
104 53
35639 66805 93797 16248 26272 54611 53039 98845 65174 80343 49340 69418 22566 13050 83204 95619 57624 96734 29692 20911 51093 47165 73823 36575 87373 53550 21149 64295 44980 6276 22182 75719 32099 22098 21326 25208 3160 81443 141 59961 20568 94477 47235 54642 98458 4386 86878 86013 68697 96133 6582 37849 91627
431 237
18426 21297 19075 55445 77011 21499 23237 40723 31021 69485 27480 70601 45917 34951 96954 28992 54005 95589 59992 47851 30469 18893 7502 32021 22890 96435 98710 73487 29528 12218 90678 15168 34921 29663 85834 3558 39103 65575 57392 90534 81610 28800 62134 72262 19662 82226 67951 73174 60992 13960 29290 34907 94081 55725 40295 39178 2858 30973 2588 81847 98972 95143 89330 40083 76058 22893 3999 68770 28068 16169 98151 92226 2244 85919 84077 33304 69665 24182 88229 50747 55982 84326 45169 62689 46090 8378 19487 47122 5598 40195 7263 8192 42621 62081 13851 8962 88687 4830 40750 80882 77572 79805 37863 99121 83313 31827 13662 85744 81338 76694 55605 90536 61119 62211 21800 21227 59108 99969 68838 75662 43737 1431 29436 91798 77951 29150 82369 71431 44210 95715 62512 71095 73379 93587 1977 39047 16612 20458 42173 92753 27545 98527 50381 4209 3181 94990 69962 13696 37827 80654 10757 87171 82383 1347 88294 61787 72195 4326 45978 33436 42558 76749 27932 22959 73950 76913 5894 6797 53527 95060 84812 36765 29652 31925 91329 25324 38638 71162 84565 63459 58690 24008 86951 74223 40671 86627 13449 84654 28893 50832 82137 69982 30304 96293 52499 91046 71145 44399 34793 99712 94467 29800 62357 36019 34093 45988 27976 66772 7642 63082 82346 10807 74407 85453 37402 87337 34143 60647 77153 64060 8907 79031 61302 77206 5018 83266 73701 21587 65585 55647 65912 2264 32588 66020 57162 12044 32501
210 799
72048 39042 98657 44476 57512 31084 5738 38698 92636 58120 83578 79331 3997 57296 12763 9034 749 75684 58626 72148 85663 35786 85738 79406 42411 42403 25598 27254 12026 64493 43451 1185 58014 19161 72890 14553 25860 90503 66185 81532 53303 76710 51248 59652 52433 92853 50191 80658 75995 89447 61144 11089 50632 97817 32426 20041 16681 79974 67899 10154 99757 20730 9445 10836 10027 69971 28747 50788 94340 97688 63477 85520 67888 29571 91568 85413 70559 41330 31643 19902 17265 88572 98419 10855 94352 31155 81435 65714 16421 68516 67071 99035 80175 72021 61538 91086 73126 55665 744 121 77067 74776 30524 27501 81913 53155 44873 25887 23213 15527 8217 4894 54140 22463 84378 6643 69819 21217 10973 22064 31890 11634 6290 6094 60190 20446 67175 30945 93051 72035 38631 66931 46707 79269 37845 78093 29049 9133 23873 97695 61011 20226 66157 23002 93457 75197 65519 49752 47067 29168 83485 52624 47094 27856 92815 54080 99034 33571 6088 46877 39858 10766 72647 82769 40806 78540 95518 88411 93986 46774 21737 87111 85929 58530 48535 24776 9829 92233 65616 48840 44523 80119 84867 21069 30654 95638 54079 99163 91363 488 61450 8172 84518 84503 65071 63024 54268 93936 30858 90895 73469 82886 66997 7698 28143 13089 94120 51640 29633 25291 30430 42624 1699 20744 99265 34839 78913 7921 8402 28829 84903 23834 60823 80183 96774 69242 3013 54066 33540 62116 27554 14724 84767 36066 343 37363 4324 71680 66523 55699 38691 89346 84179 77389 62976 48805 89771 53327 54902 30606 9177 17220 72178 52479 13492 38190 24824 89961 18578 6257 4941 81548 86274 95581 11842 62155 55261 32777 93248 42137 56609 30742 93853 49035 2260 81102 34323 91630 36141 48047 3364 84060 68703 61610 18185 5883 37323 88283 43415 26647 98760 26419 18921 49057 99117 53330 38785 44858 20807 63549 43492 27280 25663 97235 8561 93139 56812 55846 50251 94497 84861 86630 88968 17783 95381 53125 95900 24618 44139 8473 42937 1341 83374 55124 72103 61388 85847 62388 14332 17193 85182 11676 11532 80017 8376 75928 24962 7632 74911 30756 19570 98490 61518 52895 20923 93316 72298 80384 54770 62482 26718 64513 37259 86428 66235 60606 31210 89742 45747 46493 10870 54724 97286 15038 84463 99071 42829 43733 93428 82339 77215 76532 30514 94651 9960 60642 92235 11408 63045 59825 83345 68966 81534 18824 13220 71650 35447 61373 21225 78806 96064 72128 15429 4861 58678 42316 24394 44811 42733 83175 69085 58342 33106 50558 23604 84158 70052 53139 2552 37335 23125 27601 72783 65315 29065 89982 47706 13379 16326 58017 52469 51509 44324 76641 84593 57258 30799 4822 34837 18191 69779 17708 96495 62235 95184 66891 78776 21968 94034 91699 88697 77105 75302 1258 72973 70553 18063 81056 13715 26861 71577 54595 48335 44640 14156 3918 96910 20108 86033 80730 45704 69597 66133 95402 41632 92464 71142 89927 60500 7952 2922 58336 30075 24276 84737 19363 86409 86382 67210 36350 3195 80210 45593 26753 17197 4126 500 55777 49402 37465 96410 58850 27894 86092 23853 92978 12617 44384 12898 51803 29122 58697 35533 8287 71674 17115 37262 28357 62270 78622 64569 37676 36816 74452 84563 92 14925 47823 2764 55035 15876 87332 83173 82849 38888 43003 34620 98722 74768 9818 82253 8249 39734 37063 54622 779 92074 62698 4362 98468 70396 5031 1931 96359 29372 46809 16054 98060 56987 81369 48179 53634 18465 72356 91147 79597 41057 14256 43732 42235 37038 89862 51781 99356 32384 91000 91954 65286 2246 93642 24426 61133 13598 11548 42575 42227 20831 14905 71483 21384 90910 33912 22134 95176 72504 35139 49964 35342 54656 94949 37894 19753 93773 10729 60008 65584 61287 93232 72930 45406 76048 45369 26615 21248 97897 94943 94827 57837 80945 71814 64927 60578 95230 43386 34886 28799 95564 91262 28525 81507 40230 97859 87720 71983 66322 39844 45340 9110 78080 87134 9785 47888 4105 75651 45521 18355 9190 92115 18219 87579 71368 58653 96284 65419 46431 94103 93892 58989 25295 21902 5137 66513 49685 20163 16595 10940 76057 37540 66280 48624 67800 36824 27854 22579 60588 5347 33530 18098 96650 84242 93618 21329 98629 94528 30822 84308 58998 46722 43315 95648 54707 45187 72312 53458 204 18516 11680 2618 86128 60661 17791 26182 73897 67019 36075 26677 5101 61847 29045 10868 60749 67774 83642 66001 77759 76717 15708 904 97314 96161 53296 71738 93178 23603 90580 5594 75468 455 33570 16380 98655 70893 54540 74545 60954 90268 43342 39073 97406 10551 85280 33685 69725 92573 18907 91480 95300 15678 22436 35848 24478 94358 72914 69508 46591 86499 37954 4210 51624 48292 35530 59467 68327 7198 59329 46747 44999 15072 66720 33177 91386 65952 40923 81356 25556 48758 61492 100 98363 39272 50083 24228 18649 97196 69501 63673 79976 59268 89394 50338 31702 63730 61703 201 13066 56256 83078 40201 10746 61452 45412 29004 85906 33176 19222 31623 23928 23624 1130
773 409
34155 85500 36688 83921 91553 64335 62500 43252 340 97600 14896 36856 87989 94678 44107 47246 51228 56430 51659 66056 33255 64401 27761 89321 54699 62596 25378 11912 81216 57091 14738 98531 90151 73686 50750 15369 12595 69570 90526 16143 10651 40332 43473 85998 21310 53506 64494 39026 33144 24255 3447 13041 40931 19322 85050 35709 57597 25949 78980 73247 64388 58085 992 9426 78416 71093 88768 34911 45725 89292 32132 19390 2756 50141 76312 25659 21198 26302 48263 2160 64038 39234 60291 17138 38060 24959 19898 68147 5703 12658 76853 84406 1433 71366 20407 35249 22849 92352 11321 69003 56363 32600 89712 60089 95708 66423 1871 66 18450 31799 2002 1904 44507 28966 60039 25807 9116 5396 89374 97602 48603 99582 66995 57874 80130 45825 11948 65491 59080 39739 6431 19499 4707 65029 28461 91564 79389 18359 62323 25085 24575 14406 54359 22685 13759 37301 19092 64331 90669 93634 34768 40416 56525 75902 85862 72084 30500 57059 48130 76254 68181 57408 42710 12628 18694 61749 56604 754 13108 72888 45291 45823 89177 11080 70947 70689 37383 52749 27971 87179 46287 21651 82325 37267 59114 91001 51565 66333 44945 35877 82453 47531 17818 60357 69699 72668 42368 34776 69938 23357 65090 2547 53293 71569 55064 68235 19769 55563 2259 93012 84806 14766 82901 96821 64975 47106 27293 99424 75996 63814 55143 16022 15057 65832 35520 55724 84634 21772 19694 80618 95228 12277 20867 49498 80567 76369 40900 61772 52588 87995 61312 31686 61969 56309 81533 15486 33632 65072 13115 64226 13329 64855 18 65945 19722 83085 96323 12476 80308 61371 5954 38554 62149 53411 49388 39305 16841 72582 41749 38865 14048 65974 8511 62585 26354 79617 20947 5864 14955 7525 1933 54996 3227 17957 51993 39750 97965 48299 22122 76781 44374 14586 23917 9033 74132 78684 17099 49589 89792 27160 77819 9617 55010 30588 18867 62853 38470 60062 56365 47808 95330 56414 36156 95745 32233 84172 33463 31810 46121 4123 57725 50344 15093 66865 72068 62285 75437 6583 12367 22540 8576 54273 78908 22581 18587 68991 55465 10184 6919 44909 59528 38525 24544 99274 87844 82171 23163 4419 71440 72880 43335 69951 90505 83815 80110 57360 73705 47729 79816 15518 8475 94839 10818 62261 1209 87020 89136 76815 37145 17316 44798 91569 69899 75136 50775 21853 80307 57142 3619 2072 45488 76286 15092 96306 96812 9250 84781 73031 32447 20311 70584 57047 84957 96979 58186 31355 89522 37690 80875 21067 10897 7865 87473 74427 16567 74422 62080 60699 71937
114 190
71077 88905 67996 17938 24738 25348 51397 54662 58154 57488 78445 5497 40326 51661 79399 71202 327 54935 2092 2323 82029 87042 23543 81906 59353 35741 32095 51977 80534 12004 821 78132 21092 91592 54493 73117 90950 43368 97898 67949 38242 42982 29605 27782 71622 97512 20288 55389 18801 17487 6635 59861 7781 53505 82152 93529 70316 2583 58616 99822 24433 59999 34988 29476 62697 87430 64818 83876 54024 46507 36136 99893 76584 23576 41188 9910 14199 68901 71935 4233 99972 28486 83031 48743 81652 1 3562 25323 6184 80622 940 61975 8916 49272 86734 36634 54718 41685 12805 71125 30134 86430 76565 78308 65528 14948 68869 24691 6118 62439 52111 8558 80417 98044 66610 30558 93127 45797 22320 40802 93470 73166 30803 33781 76519 57281 15729 88417 80846 73397 72811 94030 71646 935 25611 13262 2322 26252 70812 96131 95037 353 6027 27325 44321 51653 72485 84977 68053 62195 15025 59556 52751 72583 92953 17914 34149 48192 67575 7546 47188 90690 53029 55328 73295 43593 22807 6336 91702 94742 64326 94910 27269 57252 73304 72304 53712 17238 9241 38598 48937 70550 17686 56098 88977 48631 68062 63964 281 20937
618 837
47570 11725 79403 59195 2042 77842 29612 6653 61549 4549 53207 92670 28098 9613 80197 33401 84940 99385 94848 78509 57625 51946 27522 87678 43900 34802 92376 50068 54028 49476 47972 38451 96595 17516 35909 46144 82165 64856 10110 44962 506 36891 25405 73410 55640 9852 99728 34322 16089 99065 71028 68426 76069 83950 83716 59260 41236 12273 98683 26803 23134 57089 55197 92171 45465 61961 87850 42655 94567 53887 34884 75526 41140 9247 82666 13083 87340 79840 10733 29410 7176 65249 45175 84474 15469 38105 34754 82461 53291 23555 2317 55235 21646 27228 19358 63970 99351 80738 24846 21095 7145 51611 19109 1607 1344 8716 5513 31775 26401 21396 4181 58119 51938 47702 11468 85673 90270 75858 27535 75059 12285 14517 56577 20440 12286 2653 69746 76335 22945 47638 39525 86825 38551 33964 48613 94793 65289 79939 94223 8032 75260 85002 63706 89487 65380 57936 40513 61761 37108 20603 79104 32999 22774 11762 3956 82048 85828 33952 55277 81491 95756 23950 2731 33049 28567 15454 84884 59612 41119 76706 91519 49974 40680 97051 83296 52449 51036 95880 28697 99394 31761 59384 9235 56592 44851 95101 72502 81901 34281 99192 26191 83271 30922 9166 60730 21155 36266 33612 56235 54213 52733 30540 2849 1907 2607 51656 93244 75399 29901 46127 32367 56561 40096 99204 66532 15526 42566 68913 66390 73589 90083 28370 20072 85385 89545 87017 56718 2862 96220 96048 56379 36795 98754 58263 41814 84980 48057 99334 15312 41959 35764 8848 98457 21915 24770 99159 27657 70408 91691 82006 96628 95921 29460 41587 37463 13039 87867 87701 27328 26048 8047 60144 3286 47446 67238 41879 22657 95239 1350 16929 66587 87361 61653 63600 94020 66365 20776 7309 97944 31430 91492 23642 1667 64146 26837 56866 30487 22359 25337 53765 9616 46177 85395 47061 34696 19950 14372 99223 63944 79819 78323 6478 20592 15125 58681 17322 12776 36091 79070 39586 31947 80362 52411 27929 16198 84943 4504 96707 6915 63091 50985 57675 10547 59506 77907 24752 68864 39486 32390 20649 96155 55960 73480 69031 57835 45231 14216 65981 29417 12581 12254 16952 60398 5908 56488 55998 73137 24615 20872 31663 19053 72673 40049 47371 71176 93814 22780 90846 86336 27062 11823 50470 38825 63515 57963 46518 25447 82617 75221 20800 7000 14774 92998 97137 87729 73991 90873 63947 48231 47199 33834 22348 1608 20999 80071 37437 21574 66460 64603 1053 23705 16191 30863 18321 69283 67851 74386 96396 84863 42736 27353 1744 79576 5234 97557 8751 36921 85816 95046 17081 26563 85789 198 57057 18808 93115 64086 50162 1150 28870 14941 73261 35200 80948 33745 29441 75385 70578 11367 55997 99066 66943 47191 36452 47006 16971 85700 30612 13913 32344 82790 72891 50839 7641 99275 10852 3655 74348 68324 98639 52535 26369 45344 68393 1291 22030 2902 58799 89207 45218 32703 9105 57365 74556 64438 50663 41850 18234 98609 23330 18657 42447 19502 61656 31343 84532 97214 26434 87153 49860 92811 17374 10463 48768 62144 94326 8495 44167 17950 40015 82477 69713 9677 3320 79781 17046 52975 80412 72202 72155 51541 37293 42174 11809 79559 31390 78774 18785 8437 2908 50549 71207 22088 19187 73161 77047 66687 25081 18386 48439 95172 65892 43470 86949 47167 95654 68266 39131 29239 79028 11394 46832 27164 14515 71906 78154 24108 5538 60101 61240 43840 1158 2319 93956 5390 76355 84139 50493 24268 29809 99392 6147 68909 40308 88872 29250 6391 50776 36618 46332 62700 44771 38907 21585 6592 69406 79439 44712 57083 80847 16787 16650 74602 90746 34701 26479 18502 72301 13980 17078 66868 79362 16144 14919 97787 24582 65773 25180 7908 85405 85310 51718 66878 44227 17144 95279 59372 89710 51752 40199 85795 39291 77810 76791 50951 45605 78787 46977 99183 76303 62338 99459 47551 28952 83806 78804 34800 659 97465 37044 44896 57146 65609 55709 9146 52010 32953 39747 32053 49647 72662 19799 65015 94273 29631 78775 85584 66797 18392 7187 42967 43892 96524 29337 23593 82619 64692 30630 21440 46034 70384 86305 64642 55919 67666 70941 23528 89819 61052 62809 3313 88013 71857 98474 81229 64626 49674 29913 74323 53495 74082 45831 4528 97805 65381 95683 76333 24381 82525 51273 79950 39220 97193 91173 61472 6686 87879 13707 42727 96604 26204 84901 29202 19692 79142 91975 56556 4554 75223 13257 73386 60817 22909 14438 89715 46773 67041 38999 12693 82926 52659 17629 62543 10229 61110 89730 71742 58901 169 85063 63610 43126 82476 79850 23560 43174 22984 4339 37544 22097 77360 70364 40644 62064 28020 44116 32586 23015 7938 98066 73214 20798 20758 37503 88015 14312 84448 76568 48143 22026 83794 74302 65368 15797 4838 85886 59232 41039 2103 60261 46362 70206 7981 87377 79832 1806 12991 47028 21763 15634 8361 95217 24275 31244 10064 73077 41893 68885 52324 21987 59320 75441 65858 44355 65640 5160 95903 25597 48086 78325 35953 9992 58727 42408 38614 460 42414 62334 70133 83821 77823 31881 48 23311 77018 61149 96154 43899 7373 80338 20601 43561 43630 14119 37811 17844 70036 27300 13785 92409 29118 30585 98604 86347 37436 96467 18860 4660 46151 23495 66957 62761 35089 77293 41076 69637 13120
610 198
19723 80022 46758 38887 69611 83909 7220 6673 58335 78961 2857 79718 22627 54015 44352 12358 83073 7307 46079 82710 59879 81530 96976 13789 29798 58099 39202 83587 36164 4782 53321 29024 82738 6382 77575 27551 16376 30253 23549 66344 7971 67596 53679 50814 95904 43710 57910 61949 40484 78272 69044 6304 51525 16288 2017 24718 2556 23104 4965 56183 56973 43343 350 33879 64385 65338 38266 25449 34021 37809 99487 10466 19294 40090 66434 5494 36598 21251 48923 60818 23464 70392 30826 77919 21146 77148 56761 39263 49223 54627 62571 29717 43687 47079 55927 90707 17484 98867 15529 98493 69319 73937 73008 16397 37643 8808 51343 84857 4436 52427 67142 55589 17175 44138 36182 16232 11309 20865 57200 99951 2365 40304 4533 47997 91613 29693 9804 72813 72153 19020 9823 15866 76166 35888 24012 71434 21642 4476 31348 88698 98230 59394 52551 5888 3935 18519 95302 15809 76031 24351 23702 3263 41003 51300 20543 83839 74686 60164 75791 66737 26865 75846 9206 53337 71205 17211 69038 58627 17445 35189 39114 86258 98350 46521 94180 26384 91827 98767 9645 87706 76763 4781 66882 53036 85987 45925 23479 34064 97655 78920 6484 44519 12914 56564 63753 23454 8650 36756
454 554
67550 28915 84667 46597 27889 83696 56407 22618 3651 70246 24675 82457 92385 11679 90265 72925 99756 64723 23364 41591 78867 70314 15933 540 82894 62368 60230 8308 73413 67877 27212 41483 30459 71745 74509 42439 41234 4829 55922 5182 99681 1799 46969 88065 65053 36789 70791 42464 69955 41055 42077 55404 30471 47349 35892 41786 25809 66457 84504 81091 27052 26799 76742 56509 2174 57977 22317 72696 70230 52464 62014 94953 62706 82671 76669 16964 28146 70581 64573 24325 92896 60188 78156 79878 40479 13454 96302 33335 65746 87251 77235 82239 69898 67578 46888 87124 85659 56232 92108 43928 95456 17184 23253 72623 20792 41604 78739 34955 54164 67723 4414 53002 66573 39460 11815 36853 88133 80941 61067 72 83767 97243 50229 83687 21471 84376 54090 39039 99148 22340 1483 71221 54543 55535 82866 81455 2915 19562 92329 76927 18221 20409 77847 35383 78346 32110 64576 14807 99267 5404 34368 55114 76684 76099 55555 34329 32529 25820 45980 94771 9406 77984 78490 13570 1867 51481 37965 27881 48751 2168 91203 26848 22400 32679 90188 86681 52581 78978 51832 49207 18800 93900 89314 29558 37021 31104 40768 2136 9611 74130 37336 64405 77648 76250 7375 81587 43215 96469 69440 48978 39002 51264 26095 98154 51033 85466 63429 9496 31877 14317 90801 69129 61263 16132 72230 28662 48734 15727 42708 85526 47499 71670 69077 49455 81220 4464 43190 22775 71595 63304 33056 97698 50567 1243 52420 55295 7780 78120 38296 87493 52723 54995 98573 33565 42396 54942 23953 23346 60258 38429 352 9278 97306 38807 61394 26624 85401 85319 78332 56629 96374 52475 46088 20626 67482 39693 14413 49379 19920 35009 20789 96948 16930 85404 86509 74886 71499 5125 56275 33875 2145 56819 17946 87022 3656 3174 44889 30505 69127 65700 10378 68277 29341 91161 75541 42393 34905 17924 18162 28607 63480 23913 19936 89231 56048 85504 36898 9141 52172 55912 87066 63742 63560 48324 27528 64505 50036 194 27446 52496 52012 46909 91282 95546 5591 92285 54508 49 5808 59788 26606 47211 28320 70263 65264 75930 59474 88583 41075 1052 45869 83609 96385 5151 20425 3848 44990 43433 1642 94347 53735 92770 42146 21082 55016 46042 6764 91600 68187 34509 22536 73712 7573 137 85502 90670 6089 84904 7478 51995 74318 7156 95778 8365 4297 40970 22373 60290 22783 43660 85655 64121 39772 54937 19181 13104 25190 80643 59379 6770 52769 97101 11730 10847 20153 3845 19291 95468 62310 4995 66064 90916 77020 54177 35339 32760 5719 89193 70880 52933 15470 63740 26390 57267 20130 4784 22155 47480 64008 11987 11434 96085 1711 62658 14985 62179 18272 55986 34743 49984 49181 4864 47381 24305 26534 7395 59865 12079 20328 13133 54725 28933 8530 66205 93603 14387 83902 41735 34192 36225 28170 44447 34702 31228 30501 87141 79933 12681 76343 15096 13533 60416 11518 93478 37187 79120 20493 39755 45735 60100 40158 49497 29950 12272 94071 46991 74832 64100 36831 65971 58997 42942 81178 4588 93484 80169 47163 34334 60412 55791 11439 44389 12385 12050 97144 25788 73133 39795 84062 59444 43034 72770 63596 67269 27756 79224 72440 29957 7193 57999 26528 83419 35025 57010 61423 43219 50847 7428 35266 26367 77417 54860 13337 8106 79876 47946 10014 82642 18112 64620 23679 52614 64471 60281 28990 13075 45021 82018 8160 48045 3658 48705 35880 21682 48898 62657 79934 16183 78026 62092 82300 67347 27794 90945
288 367
32732 19591 42202 86166 86163 73006 65 70798 33874 48864 49569 5525 30460 94500 20830 61874 68478 28292 24646 12610 27772 38823 93322 15407 15094 6755 61824 21689 7608 92320 87043 64610 81845 35855 87616 38715 65605 54124 70063 62981 55243 11741 49529 8094 44000 40410 87203 51674 39999 88453 55478 66702 16390 15962 55564 61768 10316 79023 88846 2929 20942 92567 38030 45835 79956 38654 15188 94403 98375 67542 90745 4319 90872 47981 7567 36842 30686 45452 49322 15187 56212 24550 50382 88213 770 59843 39084 95470 83713 14448 66288 13479 42433 79899 79563 77114 20782 52489 86352 7247 99175 55063 59892 53054 27301 80968 54288 50844 23356 28087 10911 17255 6660 93064 82338 75088 19329 76122 78310 65768 38661 8470 14826 40744 29609 95313 19787 37142 94376 91212 28230 64861 84749 45628 11820 11197 99352 17067 93781 33324 16384 66022 21014 37629 12135 60070 50346 58728 55050 49060 23815 6930 89172 49318 18388 65512 22299 85951 40501 79543 15757 91591 63813 48833 871 36004 44452 79862 65087 20660 87627 66065 96620 32781 97090 40448 94758 46188 80173 99778 72666 9599 79896 91150 25275 55540 99245 30725 272 85871 3654 36576 6490 42557 84995 30084 8964 8667 20100 28356 50484 22556 52097 99149 55392 96275 44927 67610 50508 31713 529 25577 94634 8349 75838 6247 23402 62094 12905 50559 91955 91255 55957 93006 53985 23235 69335 44117 19868 74056 9006 76822 9872 16483 54010 36171 26943 4280 72049 64302 58980 89766 92307 22589 5314 77227 64849 74663 80960 39407 42141 86829 20658 15590 42616 90007 16768 5581 54771 72333 11891 87131 56318 10169 33782 15636 14690 23934 47914 99809 2492 42521 27340 20286 77999 81171 49511 12915 97774 60824 68694 21590 55487 33614 74901 73060 58909 57539 56699 34277 92997 69942 37573 4720 88987 91158 77942 2313 43222 26270 67000 65978 97803 2098 16860 5523 16928 12651 78393 68505 27741 60229 88100 83483 61164 41082 97691 80089 89683 90777 69598 56427 63652 56091 80949 28994 32691 12802 32552 25736 25800 29687 27865 77720 67168 83245 34053 69302 24331 71456 75061 79296 20061 90147 78150 21402 90184 5255 66035 25874 11473 31608 13611 75578 4296 68395 54572 43903 74450 49641 48061 8189 98244 64093 91041 57540 5766
732 412
22634 22430 46096 30624 81130 72240 34151 20410 87292 87200 3952 72263 84581 10720 3579 32825 81045 51192 57618 41424 41269 40611 43572 23919 11142 52168 82518 62117 90348 21603 93502 60334 9456 32113 24308 75673 77053 55068 34707 33308 9418 23914 9211 18445 10948 29927 2640 83235 22431 85462 32723 96644 88763 82914 82256 13233 6092 4150 35837 54046 74230 29758 21445 68363 44088 53413 22787 57953 15765 54487 47340 30538 28817 57819 34291 81375 55597 96658 22692 20122 96400 73093 97576 17848 31001 33929 35228 65358 44269 77361 71020 23122 56358 42549 52806 39462 80581 63556 82279 11093 6696 63063 31998 8708 8972 15147 21408 12836 8666 28104 20597 70756 51324 1768 48305 90019 79599 6735 10717 78073 47388 2907 83595 47110 89749 83339 64055 82328 70370 82032 54782 24404 7205 76463 9657 24191 6913 48719 36353 10 1949 62645 52517 51043 19170 78888 69888 53075 91297 10305 76466 88346 89840 77200 68371 5369 15446 66406 89308 27416 74045 98651 77262 72487 32627 28254 48447 515 37532 27980 36349 25173 68651 91495 48831 66916 6487 36289 84359 4435 48976 59970 80140 41069 73523 9176 66694 57419 95375 94150 22803 73573 15082 32020 62267 13191 78621 27937 60520 64737 38406 30257 86503 23425 90978 23164 13911 38226 15739 84300 30251 89361 65337 23090 9396 12759 76998 81221 94802 94238 85576 41805 96937 96655 23092 84933 72257 22020 43153 23088 12826 56909 20595 92197 27291 72286 25325 20380 8260 65371 34069 55525 10698 85943 14808 44359 59833 2966 21623 21295 78116 90853 87129 52144 57217 3989 97078 79727 14829 90807 79579 63979 41659 11976 78218 12133 49623 18811 82052 98542 1552 97943 80837 36007 83807 68873 6144 71293 97866 61137 34314 4066 39145 82968 66759 79601 66703 68608 49949 48338 85629 97150 97471 22580 49330 41067 66348 91180 34959 35318 60214 60186 59015 1964 97375 1062 39075 94261 49001 29785 70855 53897 40884 58447 1502 2752 48123 66245 46038 96420 81543 68529 599 69446 46071 82351 53860 43099 75360 21789 34610 80628 22998 64688 53730 62432 17748 35431 30057 94807 47451 61016 97466 95189 22105 8815 3542 803 50363 51979 9282 46666 4502 68569 91916 70610 29658 35490 10137 32696 792 38126 35180 1594 42755 30983 38355 11263 76683 62442 25368 49445 22923 12162 2161 9795 31325 63847 16994 14378 76939 99736 79169 76780 27006 66674 95359 78128 38050 79207 72423 89202 20801 74791 71079 9701 9240 328 56734 40559 43176 7052 72904 11745 2468 76377 49121 86982 89114 43843 69041 90060
563 774
73819 2830 78506 43056 75293 94983 91563 88166 35388 62176 12846 44366 54893 53950 2749 97160 80047 66075 49329 16332 33690 24864 88929 73128 12876 99053 89382 4079 98583 89979 28850 27315 22642 83061 47951 36165 29820 45945 3060 3112 77743 76137 61767 29873 5430 59746 90263 64528 25249 8155 19758 29008 99676 99199 24064 21393 26235 5308 3788 88424 10214 93297 93280 10028 6086 69341 3689 408 31897 1597 87543 28458 28926 40334 27583 40817 13712 96711 12175 68194 29303 5105 94837 74123 37758 98064 88618 24450 17866 53524 25902 21276 76340 96134 91673 10722 53163 22670 20858 17921 65516 18116 939 8165 2758 75224 43584 40449 5276 4199 14750 98842 25685 29760 95815 69556 69373 2626 68689 35055 37931 36246 87201 13909 8653 32048 51295 10091 78730 42875 38068 58331 69243 68285 51867 83811 15957 40124 36767 85415 89149 83923 151 91978 11423 21696 90710 94310 39951 28038 71695 10987 37796 31656 12604 1626 38751 32978 97383 53218 14441 70341 23870 35981 76079 36121 24590 22830 38973 23036 18868 17006 3242 59910 93820 90003 76638 73479 39336 49439 57716 55059 33432 53601 41975 19287 46191 39677 8696 64434 78654 79189 44515 19940 32612 45483 40088 6171 88758 13992 75703 45909 47125 69577 53472 39130 95598 13058 45455 34183 51628 48339 28620 11747 37256 31198 53489 46941 53343 45768 94049 83742 8278 969 54410 3815 86089 5020 49065 8788 64412 33442 93740 67893 51780 13612 42252 62156 14490 59862 62632 26952 18993 73835 83569 74604 14865 3950 91078 45559 5226 89864 60099 56879 27898 96673 90288 95057 51121 35795 42800 93325 55112 12564 49009 33606 93220 75621 37150 7528 29474 14575 4472 91461 92419 43089 34399 55588 51296 28671 64617 62777 75796 19539 24873 43727 40204 46505 40653 8881 8652 81380 26385 22829 25622 23289 82526 70743 63301 15889 7515 87082 67189 36823 36442 9056 72034 53174 68376 8671 76386 95183 1418 33148 1170 47921 52722 40283 29170 8116 85493 71051 55060 35207 51783 78581 66487 57420 74173 64455 58282 60364 76662 45321 43625 92005 22913 3000 31569 30012 97654 75587 67441 2772 44579 12222 7755 73595 71741 40573 11355 9899 40901 77366 99102 66531 80085 72363 97355 39756 63237 76699 75394 73776 34650 16105 36477 8254 44248 61836 28202 81256 73955 54843 25710 39768 75107 72788 55763 51399 38482 45803 87318 8829 74620 78712 2933 89856 96386 54104 40566 94383 92488 79344 67872 37315 75311 41386 45967 71279 82495 13473 31748 20969 3560 92202 56682 71054 43935 86675 59119 1596 51130 59124 47291 13878 94803 78578 74747 96012 9270 85299 47440 66684 83788 74872 34937 51964 20314 93776 69512 98127 91144 15383 566 86578 36773 91361 47195 46655 6551 47788 39773 18731 16127 62196 30837 85654 52686 22398 67061 66980 55069 54006 86971 60355 47949 24063 58867 28815 54039 29149 80577 60775 88704 51922 46989 36519 94831 9262 24977 98971 33798 60363 31956 50212 23078 74749 90564 73241 47024 70473 15990 63820 10048 25164 59083 35689 41420 88880 20105 99675 19569 33074 39680 30259 4484 5585 82805 43617 93353 57459 89368 45872 72074 88782 68539 48775 19850 92817 83329 76929 56605 93314 51379 34739 32190 21533 97367 42573 23362 88068 155 77244 43450 40054 28251 82330 41635 17401 88600 39483 65666 93424 48658 97070 90845 84888 73226 52208 32042 91911 76143 67816 86551 83562 37976 30834 72952 36364 84740 76820 60671 48244 1348 91746 75851 64203 30568 88322 80442 62661 38930 4973 41102 91677 15378 36177 7690 78466 47855 39432 29816 76950 75029 32726 88303 2056 60427 97318 23947 55226 54709 36343 93813 91574 77774 43713 3731 18357 13803 14616 10951 74413 70745 64772 50466 1813 91241 20142 2086 87993 44121 37535 37411 43480 51000 8479 34630 95837 95538 96472 72120 83808 60594 7232 93330 61490 57583 94042 34663 8523 16473 23304 728 83501 26846 60020 27230 70307 62210 18883 83963 73252 66218 17010 6722 29420 5030 88597 39071 11836 74283 49313 59491 31460 66382 82773 59409 43834 67211 48585 4765 5202 2483 53292 4128 3723 3494 48076 65618 783 19117 60414 5218 82995 71668 92527 33466 12294 19652 23234 90258 11482 22233 42754 79273 89786 62767 38893 31067 30763 1321 56189 27124 20460 36103 18900 9236 77001 79360 37932 39090 85995 79047 71566 43636 12490 69105 95308 35716 92356 95879 36398 16189 93579 88554 21192 68349 75023 76610 31137 56685 37603 7974 6828 61856 90514 62617 71329 61907 34936 10507 31267 33418 57494 99909 2805 21379 57945 79419 65678 57556 11328 12447 52015 48336 24070 40753 54945 43191 9271 33877 5022 95137 76374 9851 9796 54607 63225 38555 34750 74515 41460 54058 92990 45377 15761 21854 98286 66439 14036 8006 69674 75095 55733 40761 40434 25846 83674 6080 70618 47014 69995
516 235
1430 23080 91074 94353 55350 43805 52471 86523 31611 38830 26440 11342 31657 83126 27587 91637 98119 30923 99194 84906 88247 80120 14918 87581 36760 99384 48243 27232 36807 99253 52584 13583 63797 30768 43012 96639 78029 97718 38133 73405 20229 32909 75617 26339 97627 35784 69825 60208 14912 16262 94843 23264 56806 28987 53980 85907 15013 87095 1205 14162 78497 96 17943 36455 80292 95309 23687 57272 11554 21029 20625 14174 65581 52410 3314 85721 80437 33483 52355 20822 73165 8883 49800 70411 21736 8216 70519 62505 52856 54290 39765 85824 32151 89155 35122 9575 72704 80475 21313 61221 26656 72539 47801 76766 49698 42613 47500 24041 15607 86812 23055 13194 56140 31664 37855 34218 34468 40978 13616 59776 62277 19878 8797 74600 69564 68906 95459 63783 35059 45116 6504 92086 80095 64667 13954 29650 43867 98452 93022 92726 30100 4778 12721 8951 29565 13617 16623 79205 67157 89899 85456 32576 6141 43587 54672 68683 13193 81980 72002 87809 27659 48701 89529 17490 55074 89295 35137 94308 76696 88801 58175 25472 62034 54055 22879 35399 77014 29589 82008 74744 87486 34484 31540 40589 26013 79263 14058 68509 52171 55795 10164 89479 14714 97486 62493 47796 24330 97327 24435 57031 50019 72503 74815 61332 76338 15063 2886 98070 63664 42927 73384 55254 39904 45880 82155 35913 11768 2357 66810 72160 69912 11839 63754 46014 42583 21113 13107 13901 57007 5062 71403 80406 59366 44510 63103
632 30
79812 77063 12445 16299 22085 77217 944 31123 55182 5027 57027 10585 15471 87417 69568 344 98953 74111 83106 95255 48171 35370 9569 33200 17890 1602 68732 51585 85408 50021
330 424
86360 22152 71980 40786 19836 81994 76171 42357 73529 8498 74895 46896 25734 81140 25043 85869 37498 82160 39214 65781 65780 52375 42791 90236 79196 72427 89467 26201 29902 35018 29611 67279 51502 39707 48466 17536 89915 49431 8346 11555 68198 16635 52602 31659 13917 76039 35571 98116 81448 48766 97593 62588 47849 84859 94275 21593 4715 88589 66027 4347 65083 99080 20167 3238 86096 6773 37414 2543 32202 72775 34511 75686 25661 84807 6121 23274 50821 56112 39334 98099 49707 53115 66647 34593 36213 79600 1716 45233 67701 32496 499 41706 75346 8721 54448 70443 41027 21645 88761 48072 24772 16509 8362 53487 63786 62774 11622 8326 45997 25675 27638 37297 21601 10236 31741 22700 97713 4182 56546 9856 38350 56771 88712 60853 40585 74285 14677 92252 33933 15981 83110 34030 83316 45671 5185 86099 69083 13930 42311 59425 1094 42860 38046 21462 81904 66923 48704 23539 71179 45979 86014 13676 48139 24507 42841 43144 19240 47802 91159 46343 86451 53372 31787 29084 63441 60769 22360 32330 29640 37685 54366 38044 3207 80297 59075 55222 37761 43745 57735 36729 15085 73920 22655 33556 33334 8840 64030 41889 45101 3140 22379 39139 26684 70394 27763 83129 74987 77580 59001 92386 88875 14380 15250 71881 47376 38549 35872 74119 75423 76682 44817 70325 45886 66858 61488 14855 47838 95127 80329 39593 23198 5619 21399 86751 80332 68910 39894 14309 62938 12687 98607 26652 47442 10764 76803 36931 82703 91638 8255 89617 7115 84259 21309 32366 18702 67220 31248 95947 95722 75033 82098 25226 33128 85823 31205 82421 64912 9489 78397 57599 93785 39267 19038 30044 48997 72620 99581 41809 93485 55809 50803 17043 9723 37717 22825 91395 70886 21094 75331 28530 60925 8932 39531 13415 97984 56148 50067 88729 45811 33835 1120 61238 34510 63953 89832 63948 53252 24211 34577 8904 22652 3663 33152 62763 15259 58613 3636 8325 56978 16106 47182 76196 76320 8693 88732 96824 73724 58340 48530 61995 86071 3733 83352 26288 39966 60856 71252 66262 43204 43887 22732 66150 32183 1671 85949 48264 38001 64826 61878 97459 87892 60544 6470 95197 80826 39160 36798 43421 24591 66657 51294 44530 80260 61932 63599 24227 93718 95056 92170 40814 72012 30861 43364 63337 32126 32721 9137 57991 17054 56667 621 33160 90782 61182 2444 54045 2024 91692 86750 83689 37024 8512 4570 94211 72644 70433 40891 28976 26592 14471 40895 52981 32988 46463 35714 43932 7413 57849 64338 92178 9376 18245 40460 68523 75975 63433 622 51167 43919 24046 37997 7773 31793 25054 66244 52132 54879 44587 13907 34898 73300 91270 35143 34102
743 326
98212 72758 51794 33867 54601 15165 43188 84723 15100 65441 74999 97610 79199 53588 95290 95819 61775 70226 88385 75503 73375 50704 71771 40412 97370 67182 58348 4774 84879 72718 90915 60525 58621 6634 34740 29754 2462 10031 93027 24913 4212 77860 55103 63289 59958 66659 54747 88461 37825 94089 81907 39622 18586 57887 32768 81487 15237 46539 84928 38359 2885 86164 63487 3446 56741 79013 42184 93480 11908 98962 50686 4025 69921 56351 22545 25842 35922 95702 44240 62852 8027 3580 41477 12674 2467 21141 65069 49245 34467 17189 82953 70264 1328 64672 12194 81816 56967 25257 8979 85506 33917 57779 59942 87419 14894 2553 50751 33205 96476 75591 82533 62962 45288 65465 85084 51758 49089 43500 10681 76828 23315 49267 52136 3586 5324 18777 53427 32733 14491 41693 28041 53575 75636 22042 29244 81931 17558 39496 19415 50124 70385 76919 11149 82811 73719 67923 69604 64319 26974 54917 62399 82303 98364 80761 20299 80961 8205 55652 61607 16628 13527 58849 58910 15694 68148 15968 21096 47432 59553 49554 99103 90571 13116 87116 18965 81504 85446 3901 17757 51870 40863 70678 7010 26304 96915 17734 86694 82282 68655 56873 51171 13967 21087 48427 83969 96798 57671 50928 7543 45355 89351 88480 21188 22399 21812 64 85800 45859 92729 81843 48827 83049 34559 20334 38229 90730 7388 86103 32887 25096 63855 83933 82810 46587 90232 7207 80916 16057 55514 49678 1169 61677 95420 2164 83017 86067 25079 94332 15589 90097 57715 94124 4593 645 72814 39256 76903 12540 2048 50379 16440 52187 82456 5689 40165 35304 54533 72812 750 62375 40129 38025 39498 46516 25843 47535 28748 90986 30279 86532 52739 81340 38388 74239 64138 85657 23545 6952 53188 10129 58417 83167 93681 68320 43912 69572 50118 61349 7548 23897 41820 45153 5584 66583 56020 7635 72251 83471 37225 74921 46232 36986 3505 87626 20330 67094 36536 10206 89977 35016 21168 53755 13971 48791 3301 68275 33209 13121 5028 23146 46956 62547 96558 10938 96361 41035
604 140
61618 43980 15697 44115 8745 32449 89849 71932 98954 44220 21317 46220 49025 81052 73381 35330 2747 22985 43487 87834 62628 63900 80675 41303 69820 23061 68696 49970 4377 49197 33280 70317 21652 30721 1593 37190 77251 4589 82112 77019 78271 12810 35320 23806 3116 99463 81115 62387 9519 51111 23354 14697 60033 47793 97297 93430 85072 46275 11231 70426 71437 60036 32442 56823 71905 89037 50236 2519 39197 15266 67928 78569 63803 99234 52124 42378 50845 35779 24756 81245 2123 3887 89826 98644 46979 75222 81458 87385 86367 68634 32862 17809 30956 51575 48665 10575 10345 97972 17214 8675 56540 56015 20231 23981 80626 88710 70878 92557 13336 77161 47511 95370 15770 39961 52084 11951 85264 33452 96196 38867 50128 59206 48588 46349 54772 38172 12572 91899 54603 17195 76161 42234 14087 63757 50716 33293 47327 97362 17367 8414
